13.00 27.00 68.00 86.00
167.00 44.00 207.00 79.00
229.00 45.00 281.00 100.00
278.00 32.00 336.00 79.00
438.00 37.00 499.00 92.00
86.00 107.00 156.00 148.00
213.00 121.00 270.00 182.00
428.00 96.00 492.00 151.00
233.00 148.00 282.00 211.00
435.00 171.00 478.00 204.00
464.00 172.00 503.00 213.00
50.00 192.00 113.00 242.00
248.00 186.00 282.00 222.00
343.00 204.00 380.00 235.00
342.00 241.00 388.00 270.00
3.00 268.00 60.00 328.00
162.00 275.00 218.00 331.00
328.00 284.00 373.00 312.00
354.00 275.00 392.00 313.00
389.00 276.00 427.00 305.00
436.00 287.00 479.00 314.00
24.00 298.00 61.00 339.00
325.00 329.00 363.00 360.00
398.00 322.00 438.00 358.00
420.00 323.00 457.00 352.00
171.00 358.00 237.00 410.00
447.00 349.00 479.00 381.00
419.00 335.00 486.00 393.00
466.00 351.00 500.00 386.00
106.00 436.00 146.00 467.00
93.00 428.00 163.00 493.00
144.00 437.00 210.00 498.00
