170 9 213 39
26 48 63 73
157 40 217 95
203 41 240 75
269 45 333 91
461 42 498 75
151 69 187 102
239 84 273 117
268 76 309 105
427 82 462 117
479 74 514 106
85.895 109.83 149.77 163.09
211 132 242 164
425 94 483 154
203 161 236 193
241 168 272 203
270 172 301 204
329 173 364 206
435 161 496 211
43 211 82 241
72 201 110 231
239 192 272 227
268 199 302 237
318 207 353 238
355 199 392 230
72 233 104 262
202 252 236 284
317 243 350 272
360 244 395 276
479 241 515 278
4 261 58 315
164 286 204 317
184 273 221 303
316 278 354 310
356 278 395 317
394 281 432 309
425 287 467 316
466 291 500 323
5 315 33 353
25 298 61 344
162 306 207 339
284 330 323 358
309 328 348 362
351 329 388 361
386 317 423 349
430 321 464 351
178 352 252 404
221 359 260 386
317 340 377 407
391 347 427 378
435 359 466 394
112 441 147 467
99 429 171 489
143 436 212 491
190 443 221 470
110 466 147 495
148 470 189 496
18.753 10.435 64.038 52.948
45.554 86.218 65.886 110.25
