5.00 19.00 49.00 45.00
6.00 31.00 58.00 88.00
166.00 45.00 201.00 80.00
198.00 35.00 238.00 69.00
232.00 31.00 285.00 86.00
302.00 37.00 348.00 67.00
463.00 28.00 504.00 64.00
12.00 73.00 47.00 111.00
40.00 81.00 77.00 113.00
149.00 70.00 189.00 105.00
231.00 69.00 291.00 120.00
417.00 79.00 466.00 132.00
79.00 128.00 114.00 160.00
91.00 107.00 155.00 152.00
232.00 120.00 268.00 157.00
431.00 93.00 489.00 159.00
465.00 125.00 500.00 153.00
78.00 163.00 113.00 196.00
184.00 138.00 245.00 190.00
230.00 165.00 265.00 203.00
326.00 174.00 368.00 206.00
350.00 158.00 387.00 193.00
438.00 171.00 475.00 205.00
465.00 164.00 500.00 198.00
29.00 212.00 72.00 239.00
75.00 186.00 126.00 239.00
241.00 176.00 292.00 234.00
314.00 202.00 350.00 237.00
358.00 204.00 395.00 234.00
37.00 233.00 75.00 265.00
69.00 228.00 102.00 266.00
188.00 235.00 247.00 297.00
231.00 252.00 270.00 281.00
266.00 238.00 302.00 273.00
362.00 242.00 396.00 271.00
393.00 247.00 432.00 278.00
8.00 273.00 44.00 306.00
36.00 283.00 72.00 313.00
162.00 258.00 211.00 316.00
190.00 273.00 226.00 305.00
281.00 275.00 312.00 310.00
318.00 279.00 353.00 310.00
352.00 282.00 388.00 316.00
396.00 277.00 433.00 309.00
431.00 278.00 474.00 311.00
473.00 283.00 509.00 317.00
6.00 322.00 41.00 357.00
33.00 302.00 68.00 342.00
158.00 299.00 213.00 345.00
285.00 319.00 320.00 348.00
305.00 311.00 345.00 353.00
390.00 324.00 426.00 352.00
428.00 317.00 456.00 347.00
419.00 302.00 477.00 356.00
189.00 363.00 227.00 398.00
233.00 366.00 269.00 401.00
398.00 348.00 429.00 380.00
432.00 359.00 464.00 400.00
469.00 348.00 502.00 386.00
327.00 394.00 364.00 430.00
113.00 435.00 151.00 464.00
93.00 429.00 167.00 482.00
140.00 429.00 213.00 481.00
185.00 424.00 253.00 480.00
